1 2
2 2
3 2
4 2
5 8
6 2
7 4
8 16
9 8
10 2
11 2
12 2
13 16
14 166
15 2
16 166
17 2
18 4
19 386
20 178
21 4
22 256
23 128
24 8
25 16
26 16
27 262
28 218
29 2
30 16
31 302
32 478
33 256
34 16
35 466
36 422
37 502
38 8
39 1172
40 398
41 32
42 422
43 626
44 482
45 796
46 1124
47 614
48 2
49 838
50 958
51 634
52 538
53 256
54 562
55 32
56 554
57 998
58 256
59 614
60 862
61 1588
62 256
63 2
64 698
65 634
66 32
67 128
68 778
69 802
70 4
71 1438
72 1226
73 512
74 922
75 16
76 4
77 2
78 862
79 958
80 1852
81 2098
82 1618
83 934
84 1478
85 1006
86 1382
87 128
88 2
89 1142
90 1478
91 998
92 1714
93 1282
94 32
95 1366
96 1234
97 1238
98 2734
99 1402
100 1186
101 1202
102 1366
103 1214
104 32
105 1354
106 1466
107 1894
108 1262
109 2558
110 1502
111 1894
112 1286
113 1762
114 2878
115 1286
116 2048
117 1366
118 1646
119 1478
120 1522
121 4436
122 1502
123 1024
124 2458
125 128
126 1658
127 64
128 2638
129 512
130 4546
131 1502
132 2342
133 2962
134 1754
135 1766
136 2446
137 3242
138 16
139 2182
140 2206
141 128
142 256
143 1658
144 512
145 1954
146 8
147 2326
148 3866
149 16
150 4258
151 2746
152 8
153 2474
154 2962
155 1982
156 1024
157 4618
158 2462
159 2018
160 2018
161 2126
162 3964
163 2218
164 2602
165 4274
166 2578
167 2426
168 4204
169 2402
170 5482
171 3418
172 2894
173 2246
174 2614
175 2474
176 2878
177 2138
178 2986
179 2894
180 2246
181 3994
182 3334
183 3442
184 3746
185 2302
186 2942
187 2
188 2302
189 256
190 2
191 2654
192 6988
193 5438
194 2426
195 2426
196 3394
197 3202
198 2762
199 2894
200 8
201 64
202 3442
203 3118
204 2606
205 3998
206 4226
207 3662
208 4562
209 3578
210 2986
211 64
212 1024
213 3202
214 5186
215 1024
216 3334
217 6092
218 4894
219 3734
220 256
221 4562
222 7822
223 5582
224 3214
225 3694
226 4562
227 5938
228 5702
229 4054
230 4594
231 3334
232 5606
233 3134
234 6074
235 6388
236 3742
237 3274
238 3334
239 5554
240 7468
241 8444
242 128
243 6514
244 5926
245 3574
246 5294
247 3826
248 4078
249 3218
250 3214
251 3742
252 6772
253 512
254 3646
255 128
256 6746
257 64
258 128
259 64
260 3578
261 4762
262 4358
263 4798
264 5318
265 4222
266 6158
267 6274
268 4538
269 4618
270 12494
271 5674
272 4954
273 7114
274 8812
275 5582
276 4486
277 3754
278 5098
279 128
280 12094
281 4106
282 8522
283 6866
284 4798
285 4162
286 4882
287 4786
288 8324
289 4502
290 6418
291 7094
292 4034
293 7214
294 4286
295 4502
296 8914
297 6922
298 11366
299 4918
300 8654
301 4822
302 4574
303 7454
304 6362
305 8108
306 6082
307 5426
308 6334
309 7114
310 6814
311 4358
312 4742
313 4096
314 1024
315 8818
316 128
317 5714
318 4414
319 6718
320 11884
321 6722
322 4282
323 4
324 7346
325 32
326 8578
327 6442
328 5906
329 6362
330 5234
331 1024
332 8506
333 5354
334 6502
335 5182
336 5834
337 4882
338 2
339 6242
340 4
341 5482
342 8354
343 5686
344 8654
345 8926
346 5294
347 8546
348 8146
349 9598
350 6518
351 9134
352 6658
353 7762
354 7054
355 5242
356 11828
357 8522
358 10226
359 10046
360 5314
361 5482
362 6826
363 32
364 6602
365 5674
366 13198
367 6814
368 6134
369 5366
370 5606
371 6658
372 12484
373 9314
374 7838
375 5602
376 6638
377 5854
378 9122
379 6598
380 10118
381 7346
382 6166
383 6406
384 8014
385 5998
386 11642
387 6602
388 12514
389 10294
390 9314
391 6046
392 64
393 7586
394 6506
395 7274
396 7346
397 8318
398 6362
399 8902
400 9194
401 6374
402 12674
403 8546
404 8
405 5914
406 6418
407 11482
408 10102
409 5806
410 9094
411 6334
412 7246
413 8458
414 10294
415 9094
416 5758
417 1024
418 8002
419 10358
420 9034
421 6046
422 14114
423 9094
424 32
425 12148
426 6038
427 10474
428 10462
429 7114
430 6082
431 14452
432 9914
433 6778
434 8818
435 12286
436 8438
437 6742
438 7666
439 11758
440 14468
441 12854
442 8
443 11482
444 7858
445 6922
446 15578
447 12058
448 8318
449 128
450 13058
451 13742
452 10954
453 12842
454 15332
455 512
456 15634
457 6694
458 7022
459 16106
460 13388
461 12634
462 8258
463 9206
464 7078
465 12598
466 7886
467 11678
468 17426
469 6686
470 9986
471 10202
472 14486
473 7862
474 9566
475 7214
476 9038
477 12422
478 8518
479 256
480 9034
481 11582
482 10378
483 9626
484 16526
485 7706
486 10522
487 10694
488 7594
489 9406
490 11498
491 7538
492 9406
493 12794
494 8458
495 12542
496 256
497 8678
498 8014
499 12074
500 16052
501 16018
502 14374
503 256
504 8
505 10826
506 12598
507 7838
508 8278
509 10786
510 9862
511 16234
512 9502
513 11434
514 13358
515 7418
516 9194
517 14158
518 10342
519 15188
520 13898
521 14458
522 17132
523 7706
524 8962
525 8782
526 12946
527 16466
528 15382
529 9458
530 10814
531 512
532 8926
533 12302
534 12554
535 2048
536 16594
537 15898
538 11654
539 8038
540 7894
541 16138
542 10838
543 12146
544 9278
545 12902
546 23566
547 10454
548 2048
549 10558
550 4096
551 15094
552 13102
553 9298
554 18322
555 1024
556 4
557 9446
558 17146
559 14206
560 9206
561 8566
562 8486
563 22276
564 8578
565 9902
566 11126
567 10466
568 8192
569 10078
570 8846
571 8986
572 4
573 14486
574 8506
575 17162
576 8782
577 13954
578 128
579 9286
580 13606
581 12106
582 11626
583 26206
584 13438
585 17126
586 13742
587 12574
588 10618
589 8914
590 18982
591 17492
592 17218
593 8966
594 9778
595 9986
596 10594
597 10154
598 9458
599 16838
600 15154
601 10798
602 11582
603 11246
604 10886
605 20518
606 10618
607 13238
608 16342
609 15178
610 19442
611 13322
612 24022
613 30812
614 13102
615 18692
616 11794
617 9566
618 9358
619 14086
620 14078
621 10046
622 17614
623 10162
624 9458
625 13162
626 10966
627 16334
628 17026
629 22868
630 10594
631 2048
632 10342
633 9778
634 21694
635 15242
636 9742
637 10954
638 25108
639 15278
640 12982
641 22628
642 11738
643 11558
644 23662
645 12574
646 13814
647 12622
648 10454
649 12542
650 10646
651 14318
652 13438
653 12686
654 16754
655 23588
656 11314
657 11486
658 25268
659 21124
660 19094
661 11126
662 11602
663 9946
664 13982
665 10666
666 17074
667 4096
668 20138
669 13526
670 25318
671 11702
672 16
673 10666
674 11162
675 19622
676 15166
677 12262
678 13346
679 15214
680 12758
681 11038
682 2048
683 11762
684 13106
685 13766
686 28694
687 11294
688 12898
689 13822
690 12094
691 16078
692 12014
693 20918
694 21226
695 11642
696 12242
697 17674
698 12134
699 14318
700 15214
701 12734
