3 2
4 2
5 2
6 2
7 2
8 2
9 2
10 8
11 2
12 4
13 2
14 134
15 4
16 2
17 64
18 64
19 146
20 2
21 428
22 8
23 8
24 278
25 274
26 4
27 2
28 64
29 8
30 16
31 4
32 64
33 16
34 394
35 64
36 16
37 634
38 16
39 2
40 128
41 764
42 16
43 128
44 466
45 8
46 586
47 478
48 478
49 1492
50 4
51 8
52 8
53 794
54 542
55 8
56 1186
57 542
58 1618
59 1024
60 746
61 998
62 512
63 634
64 626
65 32
66 256
67 32
68 842
69 8
70 1214
71 4
72 886
73 802
74 256
75 1214
76 1226
77 1018
78 1618
79 1042
80 914
81 2048
82 2798
83 2
84 1538
85 1202
86 1094
87 512
88 1174
89 64
90 2164
91 1714
92 1202
93 1186
94 1486
95 32
96 1024
97 1622
98 8
99 2974
100 32
101 1238
102 1154
103 2
104 1154
105 1538
106 1186
107 1186
108 32
109 1982
110 1294
111 2734
112 512
113 1478
114 16
115 64
116 1994
117 64
118 2126
119 1858
120 1894
121 1418
122 2
123 1706
124 1402
125 16
126 16
127 3284
128 1546
129 2
130 1522
131 512
132 2102
133 3086
134 3742
135 1574
136 2098
137 1766
138 2566
139 2234
140 2138
141 2194
142 2206
143 2206
144 1838
145 2
146 1762
147 3046
148 2974
149 1934
150 2066
151 4492
152 2906
153 1882
154 2194
155 3662
156 1954
157 8
158 2462
159 1894
160 2062
161 2078
162 2458
163 4412
164 2582
165 3578
166 2186
167 6166
168 256
169 4618
170 2846
171 2042
172 2306
173 2722
174 2462
175 2902
176 2554
177 2902
178 2654
179 2458
180 3958
181 16
182 2498
183 2194
184 5036
185 2566
186 4
187 4666
188 4622
189 4478
190 2606
191 2558
192 3646
193 2614
194 2818
195 3418
196 3062
197 4574
198 3314
199 5716
200 2722
201 5284
202 5108
203 4486
204 3046
205 5998
206 4034
207 3998
208 6022
209 2854
210 4714
211 3742
212 2942
213 3098
214 4198
215 2048
216 3134
217 3218
218 2762
219 3946
220 6542
221 3326
222 2902
223 3466
224 64
225 4426
226 3046
227 4078
228 5594
229 6722
230 3722
231 3254
232 4426
233 2048
234 3754
235 6122
236 4226
237 4694
238 4846
239 3482
240 5218
241 64
242 6038
243 3398
244 3758
245 6284
246 5482
247 3142
248 4846
249 3778
250 4502
251 3314
252 3694
253 256
254 4622
255 3566
256 3242
257 4022
258 3998
259 3494
260 3394
261 3974
262 6002
263 3554
264 4534
265 3958
266 8542
267 10046
268 8
269 8158
270 3802
271 5314
272 4586
273 4
274 3694
275 9556
276 7226
277 4714
278 4574
279 2
280 4778
281 32
282 4834
283 5638
284 4226
285 4322
286 5086
287 4822
288 4106
289 5114
290 8438
291 16
292 3866
293 4054
294 6866
295 11996
296 16
297 5314
298 8612
299 6614
300 6458
301 6178
302 10084
303 8306
304 7286
305 5006
306 5182
307 6122
308 4766
309 5114
310 7082
311 6718
312 6514
313 5702
314 6374
315 4322
316 8354
317 5582
318 1024
319 7702
320 8146
321 5042
322 4694
323 8462
324 6362
325 5378
326 4502
327 4414
328 4622
329 4502
330 4934
331 8354
332 5414
333 13162
334 6914
335 7382
336 5666
337 5386
338 7186
339 5102
340 4714
341 5602
342 4754
343 6686
344 5506
345 4894
346 7346
347 9484
348 6046
349 9566
350 6746
351 6506
352 5834
353 64
354 10828
355 9302
356 5914
357 6166
358 5722
359 5806
360 7058
361 5834
362 6166
363 6922
364 6038
365 6722
366 4
367 8
368 7186
369 5318
370 6542
371 9446
372 4096
373 6722
374 10364
375 5314
376 10372
377 5834
378 7642
379 11498
380 6694
381 11636
382 6082
383 8438
384 11602
385 7246
386 16
387 1024
388 14078
389 7642
390 10874
391 128
392 6686
393 2
394 8438
395 5854
396 12202
397 8902
398 5554
399 6082
400 512
401 6022
402 7642
403 10006
404 7342
405 8926
406 8594
407 7118
408 7838
409 5714
410 7082
411 8674
412 6598
413 10798
414 14044
415 25918
416 9938
417 6866
418 6662
419 10174
420 13402
421 8186
422 10022
423 13316
424 6542
425 6502
426 8266
427 6406
428 8522
429 7346
430 7666
431 6686
432 12146
433 11762
434 12406
435 128
436 6826
437 6938
438 6614
439 12022
440 64
441 7586
442 11114
443 7094
444 10834
445 7838
446 7862
447 8678
448 13714
449 9298
450 8158
451 6406
452 6914
453 8042
454 8098
455 6686
456 10562
457 6646
458 256
459 8422
460 13964
461 9902
462 8006
463 9026
464 9446
465 10594
466 6646
467 11582
468 20932
469 17002
470 8842
471 10102
472 12242
473 14666
474 9806
475 10594
476 8
477 9634
478 7478
479 8746
480 8402
481 8
482 12574
483 4096
484 10966
485 12458
486 11794
487 7822
488 9242
489 16934
490 8438
491 7342
492 7726
493 12406
494 8882
495 9986
496 13606
497 13142
498 8698
499 11654
500 7846
501 12758
502 7606
503 10474
504 8054
505 10418
506 11146
507 9886
508 7274
509 9274
510 12106
511 8354
512 20362
513 11738
514 10238
515 17698
516 13358
517 12022
518 8438
519 12022
520 17492
521 16444
522 15434
523 7606
524 10798
525 9602
526 10378
527 11482
528 10006
529 9098
530 17162
531 16538
532 12346
533 8042
534 13646
535 8042
536 9026
537 9838
538 13154
539 8794
540 9874
541 10198
542 14662
543 11678
544 19298
545 11314
546 16372
547 12842
548 8006
549 10018
550 16516
551 16052
552 10214
553 10154
554 8566
555 11558
556 22786
557 16196
558 11062
559 12134
560 10646
561 16118
562 13942
563 8318
564 19622
565 16438
566 10334
567 13714
568 9326
569 16738
570 8962
571 26186
572 11002
573 9098
574 13954
575 11182
576 16538
577 10294
578 13654
579 9466
580 23524
581 10594
582 12622
583 13918
584 23314
585 16754
586 14242
587 11758
588 9038
589 11246
590 11906
591 10198
592 8714
593 12398
594 13438
595 19858
596 10942
597 14618
598 17474
599 12158
600 9806
601 13982
602 9662
603 9602
604 11434
605 8962
606 16022
607 10522
608 2
609 9938
610 11306
611 9778
612 19004
613 18922
614 17846
615 16838
616 12554
617 10334
618 12746
619 17606
620 9946
621 13522
622 10238
623 12134
624 12058
625 12182
626 10834
627 11878
628 9302
629 13982
630 14386
631 12902
632 9466
633 9778
634 21652
635 16474
636 14614
637 17002
638 12734
639 9634
640 21254
641 13522
642 13954
643 19714
644 19666
645 10522
646 22262
647 19508
648 13058
649 12758
650 10102
651 19066
652 13154
653 11678
654 12134
655 17734
656 21782
657 10874
658 10834
659 17558
660 12542
661 10342
662 11642
663 12982
664 15182
665 13274
666 13402
667 12074
668 15646
669 10826
670 15646
671 12302
672 10394
673 12458
674 15362
675 16574
676 20396
677 11062
678 11338
679 10826
680 11306
681 13798
682 12326
683 12962
684 17558
685 12574
686 11318
687 15146
688 13418
689 11338
690 12622
691 10882
692 17726
693 12458
694 13526
695 23314
696 11498
697 10618
698 11566
699 16538
700 14474
701 11654
